gmc/islands.sageco.csv
# %ECSV 0.9
# ---
# datatype:
# - {name: magma_id, datatype: int32, description: cprops island number}
# - {name: npix, datatype: int32, description: number of xy pixels in island}
# - {name: xctrpix, datatype: int32, description: median x-position in SAGE WCS}
# - {name: yctrpix, datatype: int32, description: median y-position in SAGE WCS}
# - {name: ractr, unit: deg, datatype: float32, description: RA (J2000) corresponding to island center}
# - {name: dcctr, unit: deg, datatype: float32, description: DEC (J2000) corresponding to island center}
# - {name: rarcm, unit: arcmin, datatype: float32, description: distance from LMC rotation center (2014ApJ...781..121V) (not deprojected)}
# - {name: sp8med, unit: MJy / sr, datatype: float32, description: median 8um intensity within island}
# - {name: sp8std, unit: MJy / sr, datatype: float32, description: spread in 8um intensity (from percentiles)}
# - {name: sp24med, unit: MJy / sr, datatype: float32, description: median 24um intensity within island}
# - {name: sp24std, unit: MJy / sr, datatype: float32, description: spread in 24um intensity (from percentiles)}
# - {name: comean, unit: K km / s, datatype: float32, description: mean CO intensity within island}
# - {name: comax, unit: K km / s, datatype: float32, description: max CO intensity within island}
# - {name: costd, unit: K km / s, datatype: float32, description: stddev of CO intensity}
# - {name: stmean, unit: solMass / pc2, datatype: float32, description: mean stellar surface density in island}
# - {name: ststd, unit: solMass / pc2, datatype: float32, description: stddev of stellar surface density}
# - {name: tdustmean, unit: K, datatype: float32, description: mean dust temperature in island (2019ApJ...874..141U)}
# - {name: tduststd, unit: K, datatype: float32, description: stddev of dust temperature}
# - {name: ndustmean, unit: solMass / pc2, datatype: float32, description: mean dust col density in island (2019ApJ...874..141U)}
# - {name: nduststd, unit: solMass / pc2, datatype: float32, description: stddev of dust col density}
# delimiter: ','
# schema: astropy-2.0
magma_id,npix,xctrpix,yctrpix,ractr,dcctr,rarcm,sp8med,sp8std,sp24med,sp24std,comean,comax,costd,stmean,ststd,tdustmean,tduststd,ndustmean,nduststd
[from data line 178]
179,2420,7154,6576,79.158356,-69.387276,14.544785,4.7036767,1.4383692,2.8168702,0.8773084,2.764152,5.856949,1.4849296,164.44064,1.4001257,22.889635,0.51304156,0.14003447,0.03489703
180,2875,8631,6478,77.05297,-69.04371,37.54851,2.0091736,0.4774888,0.9532633,0.28140917,2.81818,7.222399,1.9455271,100.142426,1.0456516,20.548546,0.30823982,0.12138222,0.029662786
181,1302,9372,2321,72.51327,-70.793884,160.20792,1.2326751,0.36220494,0.51215017,0.18744169,2.1914055,4.999549,1.3071738,16.512356,0.02929508,17.932909,0.6909957,0.106926695,0.03566978
182,1235,3723,7735,84.86843,-69.60357,131.27808,14.177355,3.6931868,19.436834,4.0690823,1.3162798,3.0595934,0.7413076,68.51963,1.1473365,24.48447,0.16715667,0.50106686,0.098182574
183,26363,10511,5105,73.443886,-69.15604,113.390465,3.8303075,1.8344556,2.7423067,1.5457264,3.2581675,17.042406,2.7793212,38.13574,1.1874428,21.731691,2.2514908,0.2662834,0.15363555
184,16917,4196,8589,84.68896,-69.065285,126.91559,36.813957,20.958141,381.2018,284.30484,3.4352314,18.761992,3.561932,50.617176,0.9119552,31.798483,2.794623,0.6402943,0.32340893
185,4777,7111,8446,80.523605,-68.47132,57.611927,1.6794022,0.58533263,0.90290695,0.39425105,4.5711684,16.346184,3.9637365,48.792084,0.83511037,19.587404,0.539193,0.16946375,0.052498903
186,897,3518,5619,83.84447,-70.73133,139.49374,1.1445355,0.2512376,0.49546528,0.13473886,1.2939926,1.8936398,0.3951252,72.22821,0.0,20.832619,0.55017155,0.05649884,0.018152116
187,4692,3287,8553,85.98543,-69.27072,153.72018,4.2157016,1.4641945,4.533601,1.3960348,2.0779555,6.637519,1.5477834,42.66199,0.63650286,22.009604,0.36846104,0.2979267,0.08123531
188,3940,8791,7023,77.25021,-68.736305,42.406,3.7852829,1.1408664,2.9257805,0.7840782,3.675458,10.607645,2.916748,90.07988,0.46024376,22.06635,0.46342045,0.19793625,0.061694503
189,1296,6834,6440,79.50953,-69.53602,26.11948,5.918119,2.945163,3.0084686,1.2046311,2.0590956,4.063221,1.0598142,174.68333,0.0,23.491438,0.3017809,0.16436578,0.037718993
190,2031,3189,6554,84.948456,-70.32238,145.2459,2.0620246,0.35942525,0.76870346,0.2068072,1.7857618,3.437708,0.8862353,95.86499,2.1082058,20.310472,0.53904176,0.13473028,0.016594667
191,3947,8213,6915,77.947975,-68.94427,22.811756,2.105048,0.40177378,1.0630687,0.22379576,2.1025925,5.619886,1.3145199,106.497765,1.8335836,21.130333,0.44237894,0.10909361,0.017768918
192,2131,8451,6812,77.54894,-68.93066,30.273113,5.6788926,1.5381455,6.0572066,2.622863,2.035195,5.6176486,1.4413395,100.42742,0.5455156,24.352009,1.1350508,0.26324674,0.044355303
193,1955,5018,9008,83.77171,-68.67403,112.40474,1.3260405,0.4002876,0.85803396,0.29425335,1.3442439,2.9238768,0.7022711,39.954933,0.96856004,20.029564,0.24076922,0.09239169,0.019208657
194,901,3201,6658,84.9945,-70.266396,144.71591,2.8498049,0.26262113,1.2542598,0.1608342,1.8910329,3.6807134,1.1249113,97.26512,0.44654012,20.814558,0.06862739,0.20275943,0.016956015
195,6197,3839,7738,84.69941,-69.57766,127.562,7.6473484,2.5533788,9.815271,3.2295043,4.653804,18.586422,4.488813,69.642105,1.6724834,24.050966,0.71018857,0.31224462,0.075910196
196,2022,10618,4957,73.17822,-69.19264,118.93415,4.537404,2.2467983,4.309901,2.5732775,3.4403114,9.323012,2.7158487,34.800144,0.0,22.159191,1.172427,0.2000807,0.082265355
197,1299,3933,8402,84.95817,-69.21661,131.99408,9.272947,2.5818388,14.502173,2.5164053,1.4596493,3.334487,0.7640839,49.692455,3.8146973e-06,25.094166,0.4277386,0.37454328,0.042640667
198,1072,8535,7016,77.58805,-68.80892,34.026054,2.6157703,0.6798671,1.4514498,0.31194195,1.0725173,2.5437748,0.463996,91.6169,0.5227667,21.952106,0.37165245,0.10805531,0.021853793
199,4232,4369,8195,84.20401,-69.23045,115.92506,9.260075,3.178376,21.781368,7.538542,1.8827784,4.365828,1.1597964,60.783665,0.8833765,25.619059,0.37289205,0.36261252,0.10189457
200,6441,11696,5521,72.27331,-68.60135,144.44507,1.1726038,0.26044154,0.46514475,0.1557422,3.6251159,11.151466,2.7855625,22.664774,0.6927755,17.109737,0.74142957,0.14506093,0.06889716
201,910,5065,8997,83.699165,-68.66934,110.992226,1.3699429,0.3969459,0.7879105,0.25487962,1.1709471,2.0030568,0.42506847,40.333122,3.8146973e-06,20.731148,0.40161547,0.06622567,0.0152898785
202,5767,2723,6954,85.90246,-70.211266,160.68639,1.4055772,0.27309653,0.6062805,0.17387499,1.6157231,3.462821,0.74409616,67.07639,1.1607817,20.169098,0.26114696,0.10564202,0.013755066
203,12615,5900,6684,81.01458,-69.645966,54.858624,5.1667657,1.954842,4.5675063,2.1245513,4.449672,14.1898,3.39545,180.30444,2.1735528,23.599722,1.1521714,0.24325499,0.10993337
204,30271,11844,5822,72.34139,-68.41689,146.68793,1.033767,0.20817797,0.45012313,0.16394246,3.2107072,13.886859,2.646541,21.846514,0.7915064,17.229872,1.0569817,0.14476164,0.048246108
205,7006,3248,8256,85.87374,-69.43227,151.40625,3.8307657,1.9620037,2.9390793,1.3992206,4.2597346,13.329369,3.2133029,45.85814,0.39426848,21.506575,0.43927506,0.27078408,0.13737604
206,8886,8366,6997,77.801636,-68.86349,28.414207,2.4000673,0.6433541,1.3518091,0.38115585,3.8398015,14.634345,3.4047775,97.493065,2.3125737,20.565826,0.7437568,0.15312709,0.055944007
207,1870,3350,8395,85.80347,-69.339836,149.80992,4.3732815,1.2763473,3.5680199,0.7024952,2.0404427,4.980717,1.3817888,44.825493,0.08840569,22.175377,0.32383353,0.2675857,0.04323941
208,1245,10644,4905,73.09984,-69.20892,120.56321,1.9358833,0.78269756,1.3882972,0.8097384,1.236515,1.988669,0.48186016,33.715134,0.7201574,19.85728,0.35637414,0.12676895,0.044235975
209,1638,3586,6822,84.51328,-70.10128,131.8649,5.5503054,0.86792624,2.7268183,0.5349339,2.0455146,4.405273,1.1826879,112.9101,0.50317556,22.125,0.089295186,0.20935853,0.04217044
210,786,10398,5216,73.68553,-69.13812,108.31103,2.7579627,0.7654415,1.9690382,0.6034624,0.8916282,1.3388107,0.24541499,40.895634,0.10367984,21.036625,0.39798388,0.15092415,0.022763405
211,1357,4329,8371,84.36788,-69.14888,119.6353,14.71093,3.3751144,31.144226,5.7502937,2.9535615,6.0280623,1.6832393,55.160038,0.5874946,26.362974,0.29984114,0.47020468,0.12421392
212,1075,12104,6239,72.365875,-68.144356,152.92442,0.8903938,0.17694396,0.3437103,0.12243562,0.96654254,1.9016173,0.47134426,19.251116,1.9073486e-06,17.995644,0.17127384,0.09566922,0.017541368
213,4229,6390,5660,79.5725,-70.03398,53.409817,2.1721044,0.49279714,0.9924738,0.2654972,1.8517182,3.8146915,0.8908161,116.98645,3.0097861,22.14151,0.3251833,0.100718096,0.026190227
214,2536,11022,5068,72.74779,-69.01806,129.02394,2.7015104,0.5947069,1.34943,0.37505817,1.7253807,4.5189395,1.1762314,29.373552,0.28359446,19.436113,0.28831446,0.20061328,0.04086446
215,2097,13423,7441,71.75692,-67.18228,197.01503,0.82233393,0.0821085,0.25303566,0.055872988,1.4018145,2.732611,0.71496934,9.065825,0.22861536,16.66095,0.35394207,0.108701415,0.009876542
216,1524,3200,6694,85.01822,-70.248085,144.72305,2.7908478,0.39860764,1.3016698,0.21204379,1.7477928,3.7058237,0.9993838,98.1818,1.1991059,20.78435,0.06307732,0.21903728,0.02656599
217,5639,5125,6575,82.06507,-69.88445,80.86958,2.6962023,1.5725614,1.1616521,0.7436304,4.8320026,13.31261,3.5124307,161.47205,0.5696416,22.80102,0.9258398,0.114759535,0.07596891
218,6156,3924,7271,84.28778,-69.79911,121.7448,6.35736,2.1896465,4.129385,1.4657421,4.288306,14.5697775,3.5663872,99.92601,2.4544954,23.773737,0.643969,0.29369777,0.10586313
219,746,4247,8392,84.49854,-69.155594,122.3932,7.0928364,1.7112423,40.38372,3.8807707,1.594306,2.5909517,0.58817786,53.982353,0.5078904,26.01616,0.69633305,0.29627585,0.025087563
220,1006,8532,6479,77.187744,-69.07023,34.365353,2.3113415,0.29551807,1.0295293,0.11177535,1.4869759,3.019264,0.8642892,103.3588,0.0,21.661942,0.37048432,0.09125655,0.012495452
221,7186,11741,5876,72.515686,-68.423744,142.95901,1.2592275,0.25456345,0.4888819,0.15422189,2.6162558,8.725084,1.8722179,23.3718,0.68283623,17.511976,1.0523148,0.14658819,0.035581026
222,4724,6784,8589,81.06353,-68.47949,65.62519,2.4978633,0.60068727,1.5101203,0.42234582,2.9666498,15.751007,2.1162758,43.113865,1.4564348,20.579971,1.5812094,0.20962027,0.05569305
223,3788,13398,7363,71.723366,-67.22581,195.91135,0.8209095,0.117182605,0.26983967,0.07494607,1.6146272,4.7458887,1.085368,9.194797,0.23725986,16.514025,0.5509102,0.13638625,0.03611427
224,7710,8761,6556,76.93718,-68.97043,41.21198,2.214518,0.58385724,0.99220496,0.33614624,2.1195261,5.6085196,1.2231898,96.14918,0.9604655,21.15565,0.64957535,0.109729275,0.030285738
225,2980,4849,8947,83.97275,-68.74203,115.39222,1.4010462,0.2312987,0.9075347,0.15049106,2.7441707,5.8027296,1.6685977,41.934254,3.8146973e-06,19.883837,0.4288144,0.13698862,0.03244949
226,2365,3969,7981,84.65539,-69.42544,125.73362,6.1381254,1.9400302,9.522572,3.4495366,1.4632509,3.9915261,1.1260036,61.047012,0.88546157,24.39405,0.54893965,0.2568282,0.092296906
227,2532,5542,6490,81.397964,-69.829,67.368645,4.83757,1.9142783,2.3457742,1.064141,2.2537007,4.615324,0.9578122,173.55017,1.6850587,25.067108,1.7426107,0.11298487,0.033252846
228,1521,4186,7442,84.00743,-69.65518,114.08577,12.632011,5.398563,29.192593,12.389435,1.6263424,2.8615863,0.75928617,94.94847,1.1553751,26.699646,0.9156964,0.47429693,0.09718959
229,1640,4078,8222,84.641235,-69.27866,125.17522,8.321102,2.5262256,14.257603,4.8797894,2.0970902,5.012919,1.3474822,56.069534,0.33794987,25.641333,0.32826716,0.35139763,0.049891904
230,1862,4064,8301,84.70863,-69.24105,126.64089,15.298058,4.0031147,24.551594,4.0131726,1.3045795,3.1594498,0.743254,53.123306,0.7244676,26.489231,0.36621854,0.4784725,0.09863655
231,3714,5120,8378,83.242516,-68.97248,96.88769,3.5367498,1.8066093,3.1342812,1.4582419,4.0937552,11.624134,3.164384,56.92339,0.60316217,21.626087,0.38261515,0.22992872,0.06612066
232,3072,13342,7414,71.8307,-67.21995,194.24039,1.0327969,0.14743014,0.36559522,0.08553772,2.6772301,5.9838815,1.513979,9.395318,0.20783469,15.922536,0.3665572,0.18760973,0.03309457
233,1748,3186,8157,85.90844,-69.49594,152.32687,2.2524018,0.49044153,1.5657007,0.33307266,1.168428,1.6229209,0.28523606,46.83456,0.8000662,22.028872,0.19479702,0.12450843,0.021045893
234,2037,3223,8495,86.04631,-69.31354,154.96123,6.2953787,1.6609507,4.73926,1.2611272,1.6903834,5.24454,1.399923,43.27209,0.14500849,21.655264,0.32342294,0.4239668,0.05298858
235,1917,4693,8372,83.846466,-69.06976,108.930954,3.9074178,0.7872384,4.955609,0.9556601,2.7768002,9.596051,2.8766491,56.03194,0.6558954,21.449274,0.5357897,0.267825,0.09960033
236,1245,11707,5616,72.33986,-68.55418,143.91898,1.1306913,0.20728007,0.45541853,0.119578205,1.5610266,2.9788938,0.8660225,23.227415,1.9073486e-06,17.359745,0.16936,0.12437472,0.011236585
237,1073,7021,8279,80.53412,-68.57664,53.147423,2.180319,0.79529077,1.1106187,0.4388376,2.4248016,5.1681952,1.2999126,56.049168,3.8146973e-06,20.112328,0.2502498,0.13328815,0.02698193
238,5181,3848,7870,84.765755,-69.50795,128.4547,17.004196,8.765332,83.57496,53.818398,3.5392299,7.4290977,2.0797346,63.45587,0.8434832,27.157946,1.3212973,0.446124,0.18402109
239,846,6970,8338,80.64327,-68.55972,55.570854,1.5763955,0.29079345,0.8403059,0.20128071,1.2500346,1.9403251,0.45303088,54.065205,3.8146973e-06,20.401703,0.3914455,0.09611843,0.02164573
240,951,4572,8169,83.89572,-69.19982,109.418976,11.708572,2.199361,28.319946,3.0794468,1.2363274,2.689488,0.6586733,62.3291,7.6293945e-06,25.362692,0.22469935,0.4836652,0.069185995
241,1286,11035,5030,72.69851,-69.031654,129.97173,1.9442613,0.3866406,0.73784626,0.18968815,0.9301491,1.8868655,0.5098921,29.24545,0.2275938,19.244156,0.21211725,0.12490776,0.027334848
242,4061,3814,8916,85.427795,-68.97639,143.3311,4.0392933,0.870446,3.8210788,0.6244668,2.02418,4.5844545,1.2260139,43.551636,0.20864277,23.111326,0.32603383,0.23203072,0.038528934
243,8223,5442,8851,83.0827,-68.659966,98.51207,4.847987,2.0089781,4.321587,2.0465307,1.8671373,5.3844333,1.3302221,43.338814,1.1748406,21.70123,0.6717043,0.303013,0.08432708
244,1862,12146,6269,72.33884,-68.11755,154.2007,0.8171873,0.13056168,0.30791837,0.11228497,1.8669704,4.5221477,1.2767183,19.133085,0.04620448,17.355835,0.2702827,0.10121779,0.027998593
245,674,3971,7373,84.28145,-69.7368,120.712,8.474445,1.4137276,5.7275724,0.9393561,2.024928,4.5355215,1.370294,94.679344,7.6293945e-06,23.76236,0.19649893,0.30935302,0.0716913
246,1800,3963,7789,84.5482,-69.52525,124.02483,6.3939414,2.5933168,5.779588,2.050355,1.6267195,3.1943426,0.6926121,68.09337,1.3839198,23.489136,0.31463984,0.22298013,0.06473822
247,2089,3776,7835,84.850464,-69.54105,130.43283,8.25462,3.2393303,12.923411,3.583261,2.3690836,6.785764,1.9954146,65.40025,0.9278382,25.441307,0.9351369,0.35337514,0.08413203
248,1182,5622,8776,82.78523,-68.65738,92.522964,2.838737,0.76284695,2.1104026,0.5702232,1.6980536,4.0591927,1.0535432,43.758766,0.8282682,20.914478,0.370253,0.24907203,0.03594583
249,2707,5342,9392,83.55073,-68.40697,114.0382,1.7190291,0.4059216,1.0478232,0.3224688,1.743214,3.6205955,0.9263637,32.79592,0.64191955,20.402636,0.20956618,0.14308587,0.030769715
250,1069,13307,7493,71.9357,-67.19463,193.39415,0.9993303,0.23429461,0.34907505,0.13192195,4.4180355,8.529703,2.3336637,9.573718,0.0,16.619219,0.1590102,0.12165851,0.027078202
251,3446,4733,8348,83.774635,-69.07328,107.37774,4.900196,1.03095,4.5452876,0.7980133,2.5404732,8.199339,1.908821,56.874718,0.46187353,21.507263,0.52590686,0.3335158,0.058200665
252,1982,4737,8412,83.808365,-69.03948,108.32983,3.8082023,0.5221827,4.764086,0.72989273,1.1778159,3.0819094,0.7426992,55.329247,0.8677798,22.721064,0.3964426,0.18864904,0.029285887
253,6131,6418,8531,81.527084,-68.59615,69.59014,2.0801554,0.5738797,1.4684265,0.49187744,3.144244,8.745339,2.008288,50.4692,1.7070013,20.602545,0.9175312,0.18827258,0.06536163
254,1140,12199,6278,72.2809,-68.09702,155.92128,0.5885187,0.101393305,0.13179803,0.06940383,0.96849674,1.7441117,0.42371073,18.636887,0.16491212,16.884033,0.25029865,0.058638602,0.013028643
255,1629,7097,8650,80.67845,-68.37303,64.32409,2.5113993,0.22465195,1.4092629,0.13458933,2.835736,4.976459,1.4139665,42.38579,0.48865572,20.095198,0.19347675,0.22196944,0.013213232
256,5056,7283,8051,80.02229,-68.625175,43.48822,1.1054578,0.22365691,0.6301491,0.17510474,2.5295148,6.8325653,1.6588663,66.74596,1.0390555,20.782671,0.74108654,0.08037666,0.018861756
257,13525,6823,8671,81.06423,-68.429054,67.68277,2.1004605,0.3935988,1.0446784,0.25801694,6.3081393,26.741333,6.1137376,39.67561,1.1196128,19.272284,0.38243848,0.22717002,0.09258869
258,1926,5881,9333,82.77213,-68.31622,101.74975,1.8744936,0.33694825,1.1367939,0.23571938,1.2182505,2.6773865,0.5073129,32.05756,3.8146973e-06,19.121313,0.12802558,0.19385189,0.023683552
259,14140,13291,7450,71.920006,-67.21934,192.69339,0.91441214,0.17019303,0.30187017,0.10464982,2.5406344,7.2282715,1.6550014,9.673283,0.2547246,16.02859,0.63565916,0.16938421,0.056566127
260,2086,4228,7461,83.95759,-69.63636,112.84159,11.922567,6.399858,20.6621,10.7431965,2.0213487,5.827553,1.5476785,93.407555,2.717567,25.12571,0.7966292,0.3520375,0.14405333
261,6256,6214,8202,81.59447,-68.80981,65.069115,5.3775945,2.3316042,11.702657,5.385864,2.0378616,6.271875,1.0867711,63.609314,1.8563195,23.895046,1.2057601,0.28762183,0.07175148
262,12451,5709,8891,82.73597,-68.57932,93.402885,4.0175323,1.2596618,2.8158712,0.9292162,3.5267668,15.2742195,3.0027878,41.447926,1.3625869,20.647556,0.9158827,0.36178586,0.08587826
263,3570,13116,7306,72.01145,-67.339874,186.40027,0.67441964,0.07717445,0.17780778,0.04728099,1.5906873,3.3806016,0.67847466,10.637651,0.13840577,16.720533,0.54086405,0.082841195,0.018696679
264,1172,5603,9265,83.11308,-68.4135,105.27873,4.374786,0.6992854,3.4055865,0.56585526,1.2717575,1.9910636,0.4124456,33.32091,0.58143747,21.220854,0.48725268,0.3445091,0.034626395
265,834,7001,8934,80.99499,-68.25449,74.27905,1.6414137,0.29875323,0.91604626,0.18737653,1.220305,1.871964,0.42817855,34.659874,3.8146973e-06,19.840115,0.14614333,0.12028019,0.011089998
266,2535,10555,7279,75.144005,-68.11975,101.75606,2.041934,0.60357785,0.82732326,0.41634735,1.9021167,4.9802437,1.3419464,37.26681,0.39251694,18.781618,0.5213367,0.13921368,0.04805737
