gmc/islands.sageco.csv
# %ECSV 0.9
# ---
# datatype:
# - {name: magma_id, datatype: int32, description: cprops island number}
# - {name: npix, datatype: int32, description: number of xy pixels in structure}
# - {name: xctrpix, datatype: int32, description: median x-position in SAGE WCS}
# - {name: yctrpix, datatype: int32, description: median y-position in SAGE WCS}
# - {name: ractr, unit: deg, datatype: float32, description: RA (J2000) corresponding to island center}
# - {name: dcctr, unit: deg, datatype: float32, description: DEC (J2000) corresponding to island center}
# - {name: rarcm, unit: arcmin, datatype: float32, description: distance from LMC rotation center (2014ApJ...781..121V)}
# - {name: sp8med, unit: MJy / sr, datatype: float32, description: median 8um intensity within structure}
# - {name: sp8std, unit: MJy / sr, datatype: float32, description: stddev of 8um intensity (from mad_std)}
# - {name: sp24med, unit: MJy / sr, datatype: float32, description: median 24um intensity within structure}
# - {name: sp24std, unit: MJy / sr, datatype: float32, description: stddev of 24um intensity (from mad_std)}
# - {name: comean, unit: K km / s, datatype: float32, description: mean CO intensity within structure}
# - {name: costd, unit: K km / s, datatype: float32, description: stddev of CO intensity}
# - {name: stmean, unit: solMass / pc2, datatype: float32, description: mean stellar surface density in structure}
# - {name: ststd, unit: solMass / pc2, datatype: float32, description: stddev of stellar surface density}
# - {name: tdustmean, unit: K, datatype: float32, description: mean dust temperature in structure (2014ApJ...797...85G)}
# - {name: tduststd, unit: K, datatype: float32, description: stddev of dust temperature}
# delimiter: ','
# schema: astropy-2.0
magma_id,npix,xctrpix,yctrpix,ractr,dcctr,rarcm,sp8med,sp8std,sp24med,sp24std,comean,costd,stmean,ststd,tdustmean,tduststd
[from data line 109]
110,2502,2762,6380,85.49619,-70.49987,159.7853,2.367058,0.4753361,1.1212822,0.2862526,1.7526362,1.3594391,73.669,0.33847374,19.384676,1.0266466
111,894,2873,7675,86.09705,-69.808044,158.46715,2.0949373,0.7149877,1.2505026,0.5190326,1.4507219,0.7288739,53.87836,0.4010462,24.513292,1.3659194
112,1927,6053,2191,77.294136,-71.81833,160.39653,0.6592731,0.075253844,0.18217075,0.053087294,1.6909679,1.219999,19.239449,0.087288775,19.184706,0.62736124
113,2086,6121,2160,77.16178,-71.814835,160.69539,0.58250475,0.057836384,0.1111002,0.042252664,1.4713107,0.69128394,19.036469,0.18401738,20.289839,0.3903622
114,1915,2689,5860,85.28887,-70.78299,164.51425,1.3873891,0.29725945,0.4963575,0.1870302,1.4224426,0.5834821,67.35918,0.16715235,20.80313,1.2737782
115,4676,2817,6418,85.43533,-70.469154,157.87961,1.5444771,0.35482278,0.6778984,0.18145074,2.2830365,1.7027817,74.98611,1.0974709,20.371597,0.87194264
116,10550,6833,4553,78.0798,-70.46272,77.64831,1.9097075,0.6272024,1.1828469,0.6759423,2.8042817,2.0583375,56.696243,1.596484,24.114082,4.3862896
117,7828,8159,6794,77.93156,-69.01763,20.524857,3.643345,1.1510923,1.8722254,0.5786719,1.9608612,1.3604954,113.05809,2.1970224,23.032671,1.1165223
118,849,2799,5725,85.03175,-70.82979,161.82623,1.585975,0.20371948,0.6536917,0.16583352,1.9577495,1.1806091,67.91974,1.5258789e-05,21.533205,0.47110933
119,18391,2707,8105,86.5895,-69.61759,167.11537,2.8506346,0.5460558,1.7251862,0.38480052,3.058589,1.8940994,42.592224,1.0684384,23.04815,1.3933978
120,3343,4604,3422,80.57297,-71.5881,148.42912,1.1619825,0.46111658,0.8376967,0.4987599,2.0637207,1.4599346,36.290443,0.30317482,24.6612,3.571238
121,5692,3428,7116,84.93238,-69.98353,137.59334,3.3409736,0.89011526,1.7232238,0.5103777,2.6892252,2.2642424,90.52582,2.3824859,22.851276,1.0338415
122,3161,7542,5799,78.03456,-69.66693,32.44585,2.291983,0.63436174,0.99204844,0.2844339,2.339271,1.5351915,108.71909,1.7329965,22.096758,0.94415355
123,335,3486,7259,84.93259,-69.89788,136.15556,4.4394183,0.45953166,2.1951306,0.20615727,0.8795288,0.24443056,88.099594,1.4134867,22.901371,1.4206029
124,4111,5915,6258,80.69405,-69.85511,56.92154,4.573774,1.8396233,2.5285113,1.175896,1.6984212,1.365175,171.32002,0.9608995,26.547758,4.6476455
125,12570,3906,7401,84.39486,-69.73635,123.00232,4.3162985,1.5222433,3.7442112,0.9935053,1.8641012,1.3476311,90.88129,4.8630977,26.268864,1.942761
126,3724,8164,6023,77.341354,-69.39112,32.428284,2.698814,0.93622106,1.2228061,0.4226651,3.7929986,2.876694,106.074394,1.4912547,21.33007,2.0346482
127,8045,7614,6355,78.353905,-69.37628,14.114381,10.366428,8.243462,18.233154,15.65584,8.678601,9.490363,137.14162,1.917981,32.844765,8.3482485
128,3955,5214,5364,81.087265,-70.471535,90.707634,1.1027946,0.34276912,0.4302168,0.21237573,2.7697291,1.7788419,89.10754,2.622637,24.318861,2.7233562
129,9309,6790,5131,78.59383,-70.1915,60.189163,1.8923184,0.5552903,0.89262956,0.3057017,3.7908,3.0277112,76.548035,2.265274,23.11826,2.0488956
130,3394,10102,4649,73.596565,-69.49177,110.75659,2.2707396,0.5992129,1.2098613,0.3869283,2.4341538,2.294239,37.36254,0.48135766,23.130463,3.4186873
131,5888,2752,5923,85.22985,-70.737595,162.0777,2.328598,0.60544944,1.0790967,0.40647504,5.690296,4.8476043,68.37011,0.47126362,22.061268,1.7291495
132,893,3242,7078,85.18918,-70.041695,143.66736,2.7892346,0.5155455,2.5765312,0.4927641,1.2869686,0.56860703,83.29126,0.0,24.500433,1.212885
133,14953,6142,6471,80.51755,-69.693375,47.782562,6.4639106,2.8161469,4.2058983,2.087341,5.9914846,5.4374204,186.64604,1.2014003,25.064774,3.7828314
134,11810,6569,6357,79.82545,-69.643974,35.312256,8.593218,5.6035533,11.589305,9.516129,4.427805,3.788258,177.20912,1.7004349,29.47658,4.7978497
135,2536,7306,3169,76.24468,-71.00293,120.276024,0.87239766,0.1908476,0.37942296,0.16503292,1.6118349,0.7299657,27.254948,0.84131473,21.682228,1.2521542
136,2534,4741,5409,81.83083,-70.56132,103.84201,2.1977205,0.8102907,1.3476821,0.5293874,2.2654874,1.7383217,86.687584,2.7181485,23.350163,2.9400017
137,2316,3553,7655,85.0717,-69.68017,136.1719,11.049349,5.4337654,26.18288,16.532333,1.7142583,1.0606074,70.02129,0.9371552,31.272366,2.15633
138,946,8001,6832,78.17518,-69.04102,15.374354,3.1061761,0.4362778,1.5757526,0.24289665,1.1310781,0.4475506,117.63219,1.2201881,21.877323,1.2230413
139,4744,3399,5668,84.06083,-70.732086,142.87662,1.009157,0.24903145,0.3751705,0.14057945,2.99104,2.0785284,71.393166,1.1392882,23.375795,0.62794685
140,8761,10749,4602,72.70167,-69.317345,128.9365,3.1421385,1.052419,2.213984,0.83362687,2.6581569,2.158138,29.442604,0.4870364,23.681238,2.7721586
141,2768,4824,5538,81.7965,-70.47697,99.51408,1.75372,0.42769548,0.7947984,0.2288805,2.4307504,1.4925455,96.344475,2.4749317,24.203909,0.95847106
142,1688,6084,6265,80.454704,-69.81022,51.502514,3.8572273,1.5313913,1.8677256,0.75551456,1.8945118,1.0847411,175.52866,1.5258789e-05,23.918825,0.76759547
143,1694,3316,7151,85.121216,-69.98869,141.39124,2.140575,0.4736196,1.1109651,0.30536103,1.9145191,1.3117177,83.716675,2.5140367,24.529087,1.7087835
144,3438,2891,7787,86.134544,-69.74643,158.63254,1.6504197,0.30331528,0.87999535,0.22443062,1.2327741,0.60768163,50.295956,1.1245599,22.069815,0.7163839
145,2081,7858,6070,77.8003,-69.45067,25.653158,2.3560493,0.7178965,0.91803706,0.3933376,2.7833438,2.1516323,118.193565,0.8293516,20.933157,2.6032972
146,6528,10031,5344,74.27598,-69.187096,95.56758,2.630495,1.0525333,1.6475147,1.0374087,2.4475434,1.6091397,48.585903,0.92478794,22.194826,1.9631008
147,669,7904,6730,78.23247,-69.11649,12.0967245,3.1491756,0.84419984,1.8035262,0.44153035,1.8498002,0.95146376,127.507774,0.0,25.59611,0.81012696
148,1464,2953,6160,85.065796,-70.57409,154.26335,2.3183422,0.23936193,1.0427933,0.140877,1.151539,0.5831495,75.310684,1.1199841,18.942396,1.0970551
149,3832,3874,7327,84.396576,-69.781105,123.6595,3.1926265,0.53752667,2.5733118,0.49186835,3.133149,1.7251196,95.46846,2.6499498,27.073807,2.1498182
150,1804,7994,6789,78.15293,-69.06387,15.022909,4.750541,1.0727214,2.3333464,0.5159567,1.7237245,0.9561364,121.46957,1.0367105,22.69202,1.0172617
151,4294,4689,5343,81.86296,-70.6067,106.36673,1.7286242,0.7426353,0.9757785,0.4684193,2.9035442,2.1284304,81.814026,2.385199,21.886951,1.1910481
152,23505,6032,5871,80.246765,-70.01904,58.654697,2.9985337,1.0659349,1.3062193,0.5191337,6.7818704,4.9207063,137.87367,8.25795,21.949965,2.185973
153,740,10501,4693,73.10579,-69.35084,120.42488,7.1975174,3.3846607,16.945415,4.264464,1.7843003,0.842338,33.540325,0.136316,29.278025,0.80558354
154,3954,8228,6332,77.4899,-69.2239,27.128504,3.4409149,0.86189026,1.5231056,0.40175802,1.5786391,0.7442302,113.9468,1.623706,22.457262,1.4150019
155,1295,7991,6695,78.087296,-69.11057,15.135413,2.780632,0.43170998,1.3567053,0.22952123,1.5918452,0.6925953,125.465706,0.0,24.693521,1.4676574
156,898,8346,6754,77.64763,-68.98709,26.752123,3.5089383,1.4032565,1.6344731,0.6952251,2.1447394,1.2033403,104.30347,0.45803094,23.17609,0.64100224
157,14072,8488,6883,77.55213,-68.8862,31.692324,6.5011415,3.9733617,5.4159455,4.8405576,3.986335,3.43701,97.658264,1.7605885,29.653328,7.4583106
158,1074,10568,4440,72.79911,-69.447525,127.20173,2.096347,0.90779686,3.805145,2.4476953,3.6655447,2.0018141,30.545952,0.22372775,30.532469,7.3168755
159,19349,11114,4658,72.27532,-69.178986,138.20084,2.939714,1.0531107,1.9882568,1.1597567,2.3875782,1.907952,24.332994,1.1922259,23.888643,4.6936812
160,3839,3489,5681,83.93016,-70.70598,139.8721,1.2145985,0.23501343,0.502177,0.11957545,2.570887,1.792218,73.35774,1.5525717,22.439896,1.8184984
161,1411,3362,7251,85.11341,-69.92778,140.22353,3.3496041,0.51810044,1.8997381,0.29814318,1.54471,0.7960174,80.9168,1.9126217,24.089392,0.18812676
162,1737,6853,6501,79.52692,-69.50105,24.733438,2.8618045,1.7024063,1.7540872,1.1113585,2.3800743,1.4124647,175.99165,1.5258789e-05,25.677753,3.166167
163,1603,10376,1938,70.76135,-70.6525,186.47522,0.80245376,0.08830079,0.18610498,0.06528171,1.3563421,0.512956,13.75426,0.1786411,nan,nan
164,2765,11021,4364,72.13877,-69.343094,140.8736,1.6724699,0.49587893,0.77598983,0.29011247,1.7645097,1.0295194,24.294874,0.7480621,20.680584,1.1029094
165,9939,11332,4515,71.86884,-69.17681,146.86249,1.1791575,0.18982597,0.5231229,0.17116368,2.2837002,1.33467,19.1199,1.0590701,21.097136,1.034128
166,4054,3420,8501,85.761635,-69.2709,148.96881,3.2085478,0.9013526,1.9211545,0.5890423,2.9896839,2.2811937,44.128613,0.26615733,23.469433,1.338997
167,1131,10897,4733,72.621956,-69.21134,130.72736,2.3146915,0.5886349,1.2735639,0.44037402,1.5686961,0.68493164,28.53004,0.26588166,21.993368,1.2348349
168,1015,10410,5161,73.62355,-69.16024,109.54686,3.51336,1.3809768,5.5850205,2.3299239,1.3958051,0.81947625,40.02377,0.6017406,26.293495,1.8731298
169,2761,4534,8157,83.94304,-69.21422,110.397995,12.96796,4.8082037,29.71284,7.794393,3.3281748,2.6915386,62.40016,0.4211743,31.462763,2.4902909
170,2978,8317,6386,77.40934,-69.173645,28.817894,1.8980615,0.83764434,0.7500902,0.4309842,2.3204098,1.5857083,111.27649,1.6361661,20.896244,0.6101764
171,2690,6079,8101,81.71641,-68.89248,65.90566,1.6207273,0.58663917,2.2910228,0.70589304,2.484322,1.6913005,67.59756,1.254993,23.584642,1.952534
172,2694,6823,5451,78.79096,-70.02596,50.161804,0.98378843,0.3955597,0.44117197,0.21010806,2.7192264,1.7630655,93.94242,3.2557497,23.295666,2.4469361
173,1012,3626,7832,85.06947,-69.57389,135.21939,6.2005076,1.9036145,13.069481,7.714351,0.9708673,0.43101647,64.42995,7.6293945e-06,33.69085,1.1898155
174,2033,3607,8725,85.61749,-69.11724,146.4085,6.925571,2.908181,9.332725,2.23813,1.4811968,0.8629163,43.344933,0.069213875,28.778229,2.3225362
175,1524,8453,6970,77.66421,-68.85332,31.017567,3.8085585,0.50873804,2.2308602,0.25920823,2.5723999,1.6329367,94.77296,0.7006171,25.520163,0.82542217
176,1010,9366,2372,72.56928,-70.77223,158.56538,0.9057025,0.16752836,0.2988079,0.07199016,1.5294896,0.5233912,16.544094,0.041811917,20.261896,0.62203854
177,1966,3096,7684,85.76858,-69.75873,151.24898,7.0338507,2.5236988,15.0067,6.9384375,2.9395623,1.8858631,58.093235,1.0642025,28.839184,3.061159
178,5661,10612,4270,72.59213,-69.51287,131.87209,2.8472931,1.1748191,2.1693637,0.88493204,1.4288185,1.0265597,28.78209,0.5367504,22.829939,2.2883308
179,2420,7154,6576,79.158356,-69.387276,14.544785,4.7036767,1.5538745,2.8168702,0.8580041,2.764152,1.4849296,164.44064,1.4001257,25.280943,1.8749825
180,2875,8631,6478,77.05297,-69.04371,37.54851,2.0091736,0.5748029,0.9532633,0.29541147,2.81818,1.9455271,100.142426,1.0456516,21.877823,1.685232
181,1302,9372,2321,72.51327,-70.793884,160.20792,1.2326751,0.30665928,0.51215017,0.17142874,2.1914055,1.3071738,16.512356,0.02929508,21.809673,0.9054537
182,1235,3723,7735,84.86843,-69.60357,131.27808,14.177355,4.0700355,19.436834,3.7836828,1.3162798,0.7413076,68.51963,1.1473365,26.343798,0.62238926
183,26363,10511,5105,73.443886,-69.15604,113.390465,3.8303075,2.5244398,2.7423067,2.2964003,3.2581675,2.7793212,38.13574,1.1874428,23.638855,5.3831353
184,16917,4196,8589,84.68896,-69.065285,126.91559,36.813957,29.628336,381.2018,434.16943,3.4352314,3.561932,50.617176,0.9119552,45.156223,14.322051
185,4777,7111,8446,80.523605,-68.47132,57.611927,1.6794022,0.5947001,0.90290695,0.3634714,4.5711684,3.9637365,48.792084,0.83511037,22.573261,2.2449353
186,897,3518,5619,83.84447,-70.73133,139.49374,1.1445355,0.32596204,0.49546528,0.14863822,1.2939926,0.3951252,72.22821,0.0,21.642645,0.8166225
187,4692,3287,8553,85.98543,-69.27072,153.72018,4.2157016,1.8294377,4.533601,1.4653506,2.0779555,1.5477834,42.66199,0.63650286,25.65294,0.9312832
188,3940,8791,7023,77.25021,-68.736305,42.406,3.7852829,1.4224999,2.9257805,0.9154135,3.675458,2.916748,90.07988,0.46024376,25.76898,0.59440386
189,1296,6834,6440,79.50953,-69.53602,26.11948,5.918119,3.7047994,3.0084686,1.7980142,2.0590956,1.0598142,174.68333,0.0,25.94269,1.6333846
190,2031,3189,6554,84.948456,-70.32238,145.2459,2.0620246,0.3884016,0.76870346,0.19701406,1.7857618,0.8862353,95.86499,2.1082058,21.268276,0.71508205
191,3947,8213,6915,77.947975,-68.94427,22.811756,2.105048,0.46621633,1.0630687,0.23761274,2.1025925,1.3145199,106.497765,1.8335836,24.67728,1.3341522
192,2131,8451,6812,77.54894,-68.93066,30.273113,5.6788926,1.8796302,6.0572066,4.0478725,2.035195,1.4413395,100.42742,0.5455156,31.423319,1.8505394
193,1955,5018,9008,83.77171,-68.67403,112.40474,1.3260405,0.4523691,0.85803396,0.31623435,1.3442439,0.7022711,39.954933,0.96856004,23.395176,1.330236
194,901,3201,6658,84.9945,-70.266396,144.71591,2.8498049,0.3097792,1.2542598,0.16602828,1.8910329,1.1249113,97.26512,0.44654012,21.024137,0.09883811
195,6197,3839,7738,84.69941,-69.57766,127.562,7.6473484,2.7881067,9.815271,3.0913458,4.653804,4.488813,69.642105,1.6724834,28.064882,1.6175591
196,2022,10618,4957,73.17822,-69.19264,118.93415,4.537404,2.9601893,4.309901,3.7209628,3.4403114,2.7158487,34.800144,0.0,23.383562,3.510386
197,1299,3933,8402,84.95817,-69.21661,131.99408,9.272947,3.4019487,14.502173,2.7049937,1.4596493,0.7640839,49.692455,3.8146973e-06,29.770397,1.7235191
198,1072,8535,7016,77.58805,-68.80892,34.026054,2.6157703,0.66437274,1.4514498,0.38132185,1.0725173,0.463996,91.6169,0.5227667,25.308697,1.191348
199,4232,4369,8195,84.20401,-69.23045,115.92506,9.260075,3.791366,21.781368,7.425728,1.8827784,1.1597964,60.783665,0.8833765,30.146156,2.4458783
200,6441,11696,5521,72.27331,-68.60135,144.44507,1.1726038,0.28259552,0.46514475,0.16053626,3.6251159,2.7855625,22.664774,0.6927755,19.553234,1.6396502
201,910,5065,8997,83.699165,-68.66934,110.992226,1.3699429,0.42460865,0.7879105,0.27027285,1.1709471,0.42506847,40.333122,3.8146973e-06,24.324223,0.8944419
202,5767,2723,6954,85.90246,-70.211266,160.68639,1.4055772,0.29773012,0.6062805,0.19472912,1.6157231,0.74409616,67.07639,1.1607817,19.242264,0.48170197
203,12615,5900,6684,81.01458,-69.645966,54.858624,5.1667657,2.201731,4.5675063,2.6210914,4.449672,3.39545,180.30444,2.1735528,25.86928,4.104485
204,30271,11844,5822,72.34139,-68.41689,146.68793,1.033767,0.27725542,0.45012313,0.22367908,3.2107072,2.646541,21.846514,0.7915064,20.467716,1.498907
205,7006,3248,8256,85.87374,-69.43227,151.40625,3.8307657,1.9369568,2.9390793,1.4761956,4.2597346,3.2133029,45.85814,0.39426848,24.373178,2.241288
206,8886,8366,6997,77.801636,-68.86349,28.414207,2.4000673,0.69213486,1.3518091,0.4570232,3.8398015,3.4047775,97.493065,2.3125737,23.367805,1.7271254
207,1870,3350,8395,85.80347,-69.339836,149.80992,4.3732815,1.1873801,3.5680199,0.7860287,2.0404427,1.3817888,44.825493,0.08840569,26.443083,0.58250743
208,1245,10644,4905,73.09984,-69.20892,120.56321,1.9358833,0.74605507,1.3882972,0.8102583,1.236515,0.48186016,33.715134,0.7201574,20.463875,2.1274693
209,1638,3586,6822,84.51328,-70.10128,131.8649,5.5503054,0.9912248,2.7268183,0.5881881,2.0455146,1.1826879,112.9101,0.50317556,20.605852,0.8830924
210,786,10398,5216,73.68553,-69.13812,108.31103,2.7579627,1.0741016,1.9690382,0.7266328,0.8916282,0.24541499,40.895634,0.10367984,24.368605,1.354704
211,1357,4329,8371,84.36788,-69.14888,119.6353,14.71093,3.8469133,31.144226,7.037884,2.9535615,1.6832393,55.160038,0.5874946,28.549646,1.3474424
212,1075,12104,6239,72.365875,-68.144356,152.92442,0.8903938,0.16738962,0.3437103,0.10992766,0.96654254,0.47134426,19.251116,1.9073486e-06,21.811676,0.41860119
213,4229,6390,5660,79.5725,-70.03398,53.409817,2.1721044,0.5975023,0.9924738,0.31317535,1.8517182,0.8908161,116.98645,3.0097861,24.497547,1.5635163
214,2536,11022,5068,72.74779,-69.01806,129.02394,2.7015104,0.74223715,1.34943,0.46314546,1.7253807,1.1762314,29.373552,0.28359446,22.107052,1.2621266
215,2097,13423,7441,71.75692,-67.18228,197.01503,0.82233393,0.090486616,0.25303566,0.05417897,1.4018145,0.71496934,9.065825,0.22861536,20.034039,0.55036575
216,1524,3200,6694,85.01822,-70.248085,144.72305,2.7908478,0.4843341,1.3016698,0.26288107,1.7477928,0.9993838,98.1818,1.1991059,20.595827,0.53254896
