gmc/islands.sageco.csv
# %ECSV 0.9
# ---
# datatype:
# - {name: magma_id, datatype: int32, description: cprops island number}
# - {name: npix, datatype: int32, description: number of xy pixels in structure}
# - {name: xctrpix, datatype: int32, description: median x-position in SAGE WCS}
# - {name: yctrpix, datatype: int32, description: median y-position in SAGE WCS}
# - {name: ractr, unit: deg, datatype: float32, description: RA (J2000) corresponding to island center}
# - {name: dcctr, unit: deg, datatype: float32, description: DEC (J2000) corresponding to island center}
# - {name: rarcm, unit: arcmin, datatype: float32, description: distance from LMC rotation center (2014ApJ...781..121V)}
# - {name: sp8med, unit: MJy / sr, datatype: float32, description: median 8um intensity within structure}
# - {name: sp8std, unit: MJy / sr, datatype: float32, description: stddev of 8um intensity (from mad_std)}
# - {name: sp24med, unit: MJy / sr, datatype: float32, description: median 24um intensity within structure}
# - {name: sp24std, unit: MJy / sr, datatype: float32, description: stddev of 24um intensity (from mad_std)}
# - {name: comean, unit: K km / s, datatype: float32, description: mean CO intensity within structure}
# - {name: costd, unit: K km / s, datatype: float32, description: stddev of CO intensity}
# - {name: stmean, unit: solMass / pc2, datatype: float32, description: mean stellar surface density in structure}
# - {name: ststd, unit: solMass / pc2, datatype: float32, description: stddev of stellar surface density}
# - {name: tdustmean, unit: K, datatype: float32, description: mean dust temperature in structure (2014ApJ...797...85G)}
# - {name: tduststd, unit: K, datatype: float32, description: stddev of dust temperature}
# delimiter: ','
# schema: astropy-2.0
magma_id,npix,xctrpix,yctrpix,ractr,dcctr,rarcm,sp8med,sp8std,sp24med,sp24std,comean,costd,stmean,ststd,tdustmean,tduststd
[from data line 433]
434,1524,5677,10941,83.99835,-67.543205,152.19305,3.840559,1.4462246,3.8834596,1.5919715,1.4388992,0.6396946,21.40364,0.03928024,25.29098,1.1874595
435,2022,7813,9887,80.534164,-67.580986,104.19016,1.3330292,0.43115076,0.94987285,0.4383369,2.4889686,1.2179053,22.657856,0.31121364,23.997917,3.5301168
436,1304,4416,11717,86.11261,-67.4068,194.89389,1.5411104,0.34731418,0.74266374,0.2876863,1.3870667,0.61008936,14.54361,0.044016026,22.463291,0.55742955
437,3726,4450,12246,86.33799,-67.126076,209.41428,1.8429201,0.5778435,1.1745734,0.5443786,1.9576243,1.0698848,10.957009,0.3658833,23.485655,1.8071488
438,8398,9960,9684,77.65297,-67.12925,126.084946,1.4078381,0.4167659,0.7818702,0.32743216,1.8723874,1.3276246,21.117556,0.15085901,23.628862,2.9083
439,2088,9471,9966,78.45908,-67.121284,124.304214,2.2020564,1.6930677,1.8499167,1.3552113,1.51229,1.0684706,22.389977,0.10870581,24.269426,3.8415792
440,680,12711,9612,74.26741,-66.39034,196.355,12.707304,4.906468,48.498154,18.837566,1.1711398,0.7590197,11.9312725,9.536743e-07,31.086737,3.616799
441,6095,7037,12503,83.1073,-66.44777,191.64981,4.639983,2.5557818,11.528468,8.338114,2.4393895,2.2777603,15.470357,0.16280137,30.582571,5.2307386
442,503,7007,7841,80.25612,-68.798134,39.85111,3.170105,0.61258703,1.6482476,0.36576477,1.3541927,0.41485894,81.17902,7.6293945e-06,21.718855,0.36435306
443,451,7416,9115,80.5565,-68.063065,78.19219,5.663254,1.7406737,5.0508413,1.5023533,3.241261,1.6838813,33.46685,0.16291207,23.845675,3.7203321
444,9185,9700,9736,78.014725,-67.17329,122.13641,1.654983,0.4139338,0.9418213,0.31824088,3.9394286,2.8407292,22.059328,0.13164333,19.588343,1.6784364
445,1686,5844,10911,83.75816,-67.52209,149.08258,3.104856,1.6721965,3.3542309,1.8431044,1.1457144,0.5570656,22.017849,0.3797135,26.761438,4.0998282
446,3441,7030,10595,82.00232,-67.41381,128.53436,4.0164948,2.9979565,6.15379,4.810097,1.5339953,1.3269905,22.463163,0.1375027,23.401037,4.372326
447,1299,9527,9961,78.38523,-67.109055,125.13645,1.1122389,0.23668423,0.6302506,0.20103066,0.7960228,0.2578076,22.23085,0.05530744,21.88276,0.9640137
448,1573,10048,9935,77.715866,-66.98366,134.42441,1.320136,0.4027306,0.6394004,0.2764888,1.2792788,0.6718495,21.326035,0.111273535,20.673895,0.6977666
449,2478,9234,9357,78.34537,-67.48145,102.922966,2.6436505,1.1352757,2.3328042,1.2062873,2.6423185,1.7145414,26.615078,0.14946286,24.081982,1.3768393
450,2653,7595,10239,81.04283,-67.45834,115.5434,1.9153581,0.83904785,1.324491,0.7032792,2.8794124,2.0029929,21.60106,0.121947624,22.778904,2.0183709
451,965,6115,10294,83.035545,-67.775856,126.64776,3.8055367,1.5490882,3.4012997,1.8071862,1.3319263,0.5410801,24.648102,0.23489514,28.687496,0.9054021
452,4061,6955,9875,81.65761,-67.79369,105.24708,1.4198405,0.46509242,0.8738449,0.2897428,2.164001,1.3247327,23.588724,0.37694514,25.909365,1.4573127
453,4121,9422,11560,79.55972,-66.35028,171.34381,0.6447161,0.13961908,0.19496521,0.11221079,2.283957,1.5738375,15.087933,0.373538,20.879526,0.79534644
454,3212,7060,9979,81.58322,-67.7166,108.07666,1.6013122,0.5533615,1.2046964,0.46220565,1.2945166,0.609938,23.558977,0.09042661,24.75972,1.7649891
455,6583,9231,10943,79.40336,-66.70315,149.91147,1.2921234,0.6044023,1.4207138,1.3068373,2.4556437,1.8317915,18.113153,0.17443885,24.63199,5.2871337
456,4010,9196,11501,79.80166,-66.43638,166.88852,0.8878974,0.21994947,0.33938652,0.15591072,1.8610344,1.1303523,16.853613,0.31495965,22.275309,1.0190201
457,2321,3455,10671,86.88963,-68.138214,188.18684,1.2575582,0.17419013,0.44851917,0.09536049,1.7660239,0.8732523,16.256132,0.24556758,19.71985,0.377707
458,852,4440,11959,86.205055,-67.276726,201.33127,1.6125557,0.87574726,1.0342101,0.6426719,1.3326794,0.39886054,13.08458,9.536743e-07,22.329624,0.7374786
459,10835,8355,11383,80.77956,-66.702866,155.98898,2.416225,0.90711427,1.5585626,0.81624997,3.7027097,2.395512,18.335836,0.14261718,21.683527,2.288018
460,557,7503,7634,79.43313,-68.77621,28.743841,2.2646174,0.97316307,1.6303861,0.7261769,1.1942078,0.38943762,85.11354,2.1611092,23.481243,0.6290623
461,2424,8686,10872,80.04225,-66.875465,141.81497,1.5517987,0.5568625,1.2473762,0.9812861,2.504017,1.3252852,19.096231,0.027279377,26.263494,4.9554634
462,608,6240,13052,84.42181,-66.342735,213.61536,1.7711191,0.332016,0.7662172,0.20335859,0.9312561,0.3170674,13.909652,0.0,20.082468,0.331844
463,728,9264,12894,80.570625,-65.72872,211.78783,3.2776392,1.2415569,2.972579,0.8116277,1.3673259,0.44494787,11.923994,0.08163384,22.540525,1.6978621
464,1805,7073,9911,81.523445,-67.74766,105.77174,1.2989419,0.23112673,0.8502604,0.16908756,1.0002409,0.38813597,23.851515,0.27732,24.007874,0.57049024
465,1473,9294,12949,80.567055,-65.69404,213.81818,1.5662589,0.36555922,0.8669912,0.36164883,1.5623025,0.8971934,11.882385,0.08422381,20.615803,1.3218176
466,5471,9221,13002,80.68683,-65.68551,214.87059,2.0095177,0.631117,1.0780696,0.4937432,5.022583,3.9197607,12.173411,0.15169157,18.902569,2.1668525
467,3427,8084,10677,80.68552,-67.12094,131.36008,2.1274116,0.65852654,1.3340396,0.5845098,2.9143968,2.3731856,18.225788,0.22672845,24.435184,1.7335937
468,2152,8233,12502,81.603935,-66.17255,192.24532,3.4893851,0.9002695,2.0854113,0.5872096,3.6236649,3.3904839,13.085464,0.28335434,23.027617,1.2638999
469,3944,9086,9521,78.64649,-67.43985,105.03899,1.81432,0.60123277,1.343267,0.5669758,1.9595423,1.2320468,26.164043,0.23662229,22.954424,1.841942
470,2599,2812,10320,87.61574,-68.443184,196.97345,1.1936576,0.2975973,0.48722082,0.22678229,1.6833841,0.79051304,14.378541,0.24677855,21.325907,0.7818201
471,1980,8397,12479,81.38692,-66.14513,192.21582,1.8511052,0.3132751,0.9870025,0.16898982,1.5976651,1.1964993,12.4332695,0.057787906,21.009024,0.14868926
472,797,7787,9536,80.34076,-67.762115,92.46314,1.7551441,0.53317726,1.2121863,0.41616675,1.0750151,0.43992653,25.903465,0.37412167,20.638626,0.65277654
